 (-6.6269700E-07,0.0000000E+00)      158745
 (1.7539049E-05,0.0000000E+00)      158801
 (1.7271255E-05,0.0000000E+00)      158800
 (-1.0307501E-05,0.0000000E+00)      158978
 (1.1635129E-05,0.0000000E+00)      158889
 (2.9911698E-06,0.0000000E+00)      158895
 (-9.9807248E-06,0.0000000E+00)      158748
 (2.5691888E-05,0.0000000E+00)      158804
 (1.7266622E-05,0.0000000E+00)      158802
 (-1.9886320E-05,0.0000000E+00)      158856
 (3.2520471E-05,0.0000000E+00)      158886
 (4.8951711E-07,0.0000000E+00)      158818
 (-5.1471957E-06,0.0000000E+00)      158654
 (4.7254391E-05,0.0000000E+00)      158655
 (5.1273355E-07,0.0000000E+00)      158715
 (-5.3562944E-06,0.0000000E+00)      158736
 (6.1973435E-05,0.0000000E+00)      158620
 (1.5106630E-05,0.0000000E+00)      158622
 (1.1488783E-05,0.0000000E+00)      158780
 (6.2438303E-05,0.0000000E+00)      158728
 (3.1246891E-05,0.0000000E+00)      158781
 (2.8520117E-06,0.0000000E+00)      158861
 (7.6939526E-05,0.0000000E+00)      158911
 (4.2827149E-05,0.0000000E+00)      158905
 (1.5594882E-05,0.0000000E+00)      158949
 (7.7879988E-05,0.0000000E+00)      158929
 (5.5456454E-05,0.0000000E+00)      158952
 (2.8635792E-05,0.0000000E+00)      158628
 (7.7089484E-05,0.0000000E+00)      158682
 (6.6832712E-05,0.0000000E+00)      158627
 (2.8645522E-05,0.0000000E+00)      158601
 (9.4245552E-05,0.0000000E+00)      158648
 (8.3968145E-05,0.0000000E+00)      158647
 (1.4847050E-05,0.0000000E+00)      158689
 (8.5520427E-05,0.0000000E+00)      158688
 (7.8835314E-05,0.0000000E+00)      158784
 (2.9325185E-05,0.0000000E+00)      158639
 (1.0002308E-04,0.0000000E+00)      158640
 (7.8750876E-05,0.0000000E+00)      158693
 (4.4145847E-05,0.0000000E+00)      158638
 (9.9817495E-05,0.0000000E+00)      158748
 (9.3194227E-05,0.0000000E+00)      158637
 (6.0145172E-05,0.0000000E+00)      158649
 (9.9811725E-05,0.0000000E+00)      158602
 (1.0920626E-04,0.0000000E+00)      158650
 (6.6571862E-05,0.0000000E+00)      158967
 (1.1411789E-04,0.0000000E+00)      158899
 (1.2352277E-04,0.0000000E+00)      158904
 (7.9381454E-05,0.0000000E+00)      158749
 (1.3011653E-04,0.0000000E+00)      158750
 (1.2341578E-04,0.0000000E+00)      158857
 (6.7839210E-05,0.0000000E+00)      158847
 (1.2244344E-04,0.0000000E+00)      158799
 (1.1878209E-04,0.0000000E+00)      158855
 (8.4583218E-05,0.0000000E+00)      158644
 (1.2244032E-04,0.0000000E+00)      158600
 (1.3554376E-04,0.0000000E+00)      158646
 (9.8882781E-05,0.0000000E+00)      158634
 (1.2255715E-04,0.0000000E+00)      158745
 (1.5010915E-04,0.0000000E+00)      158633
 (8.6000444E-05,0.0000000E+00)      158851
 (1.1535564E-04,0.0000000E+00)      158968
 (1.3951438E-04,0.0000000E+00)      158848
 (9.4842027E-05,0.0000000E+00)      158893
 (1.1384489E-04,0.0000000E+00)      158850
 (1.4788182E-04,0.0000000E+00)      158903
 (8.7859793E-05,0.0000000E+00)      158844
 (1.0869528E-04,0.0000000E+00)      158791
 (1.3517369E-04,0.0000000E+00)      158842
 (8.2321792E-05,0.0000000E+00)      158865
 (9.6899617E-05,0.0000000E+00)      158858
 (1.2727939E-04,0.0000000E+00)      158810
 (9.8666205E-05,0.0000000E+00)      158617
 (9.6907053E-05,0.0000000E+00)      158585
 (1.4360572E-04,0.0000000E+00)      158620
 (9.8788587E-05,0.0000000E+00)      158711
 (1.1278825E-04,0.0000000E+00)      158652
 (1.5855682E-04,0.0000000E+00)      158653
 (9.4338044E-05,0.0000000E+00)      158832
 (1.0223047E-04,0.0000000E+00)      158888
 (1.5261174E-04,0.0000000E+00)      158892
 (1.1000632E-04,0.0000000E+00)      158610
 (1.0232773E-04,0.0000000E+00)      158724
 (1.6817970E-04,0.0000000E+00)      158609
 (1.0982928E-04,0.0000000E+00)      158664
 (8.0024671E-05,0.0000000E+00)      158566
 (1.4567896E-04,0.0000000E+00)      158567
 (1.2536778E-04,0.0000000E+00)      158907
 (6.9910449E-05,0.0000000E+00)      158963
 (1.5219463E-04,0.0000000E+00)      158916
 (1.0332497E-04,0.0000000E+00)      158569
 (6.9944545E-05,0.0000000E+00)      158665
 (1.3000489E-04,0.0000000E+00)      158568
 (9.0942114E-05,0.0000000E+00)      158678
 (6.0796625E-05,0.0000000E+00)      158673
 (1.2572839E-04,0.0000000E+00)      158759
 (1.0689969E-04,0.0000000E+00)      158608
 (6.1062427E-05,0.0000000E+00)      158721
 (1.4193679E-04,0.0000000E+00)      158607
 (1.2426358E-04,0.0000000E+00)      158752
 (7.8341152E-05,0.0000000E+00)      158750
 (1.4145690E-04,0.0000000E+00)      158693
 (1.2473114E-04,0.0000000E+00)      158736
 (9.2910508E-05,0.0000000E+00)      158792
 (1.5585835E-04,0.0000000E+00)      158790
 (1.4027565E-04,0.0000000E+00)      158795
 (1.0800381E-04,0.0000000E+00)      158794
 (1.5672873E-04,0.0000000E+00)      158739
 (1.5164271E-04,0.0000000E+00)      158754
 (1.2260572E-04,0.0000000E+00)      158755
 (1.5775938E-04,0.0000000E+00)      158863
 (1.5165887E-04,0.0000000E+00)      158588
 (1.3927504E-04,0.0000000E+00)      158605
 (1.7443152E-04,0.0000000E+00)      158655
 (1.4082139E-04,0.0000000E+00)      158830
 (1.3179678E-04,0.0000000E+00)      158779
 (1.6903177E-04,0.0000000E+00)      158837
 (1.5873926E-04,0.0000000E+00)      158608
 (1.3182228E-04,0.0000000E+00)      158581
 (1.8694748E-04,0.0000000E+00)      158609
 (1.7368239E-04,0.0000000E+00)      158647
 (1.3170530E-04,0.0000000E+00)      158700
 (2.0177782E-04,0.0000000E+00)      158646
 (1.9114996E-04,0.0000000E+00)      158631
 (1.4906183E-04,0.0000000E+00)      158628
 (2.0236097E-04,0.0000000E+00)      158596
 (2.0921961E-04,0.0000000E+00)      158610
 (1.4920722E-04,0.0000000E+00)      158582
 (2.2045146E-04,0.0000000E+00)      158611
 (2.0923672E-04,0.0000000E+00)      158669
 (1.2682378E-04,0.0000000E+00)      158577
 (1.9806741E-04,0.0000000E+00)      158578
 (1.9221033E-04,0.0000000E+00)      158567
 (1.2681598E-04,0.0000000E+00)      158546
 (1.8103149E-04,0.0000000E+00)      158568
 (1.7938958E-04,0.0000000E+00)      158862
 (1.1804211E-04,0.0000000E+00)      158860
 (1.7500365E-04,0.0000000E+00)      158971
 (1.8873703E-04,0.0000000E+00)      158840
 (1.3073139E-04,0.0000000E+00)      158886
 (1.9195616E-04,0.0000000E+00)      158883
 (2.0603160E-04,0.0000000E+00)      158738
 (1.4326930E-04,0.0000000E+00)      158740
 (1.8873326E-04,0.0000000E+00)      158845
 (2.0609159E-04,0.0000000E+00)      158665
 (1.2488944E-04,0.0000000E+00)      158710
 (1.7053344E-04,0.0000000E+00)      158707
 (1.9878939E-04,0.0000000E+00)      158727
 (1.1041959E-04,0.0000000E+00)      158729
 (1.6478078E-04,0.0000000E+00)      158834
 (2.1560876E-04,0.0000000E+00)      158653
 (1.1041608E-04,0.0000000E+00)      158604
 (1.8160568E-04,0.0000000E+00)      158654
 (2.2654040E-04,0.0000000E+00)      158917
 (1.2340445E-04,0.0000000E+00)      158908
 (1.8265055E-04,0.0000000E+00)      158961
 (2.2649477E-04,0.0000000E+00)      158696
 (1.3800379E-04,0.0000000E+00)      158643
 (1.9739363E-04,0.0000000E+00)      158644
 (2.4198346E-04,0.0000000E+00)      158951
 (1.4639611E-04,0.0000000E+00)      158954
 (1.8855740E-04,0.0000000E+00)      158973
 (2.5593350E-04,0.0000000E+00)      158909
 (1.5265602E-04,0.0000000E+00)      158913
 (1.7959018E-04,0.0000000E+00)      158936
 (2.3682821E-04,0.0000000E+00)      158719
 (1.3400399E-04,0.0000000E+00)      158716
 (1.7840188E-04,0.0000000E+00)      158667
 (2.3684335E-04,0.0000000E+00)      158739
 (1.4901026E-04,0.0000000E+00)      158625
 (1.9298519E-04,0.0000000E+00)      158626
 (2.2279797E-04,0.0000000E+00)      158819
 (1.4243829E-04,0.0000000E+00)      158866
 (1.8338827E-04,0.0000000E+00)      158789
 (2.2320409E-04,0.0000000E+00)      158901
 (1.5530511E-04,0.0000000E+00)      158778
 (1.9822607E-04,0.0000000E+00)      158780
 (2.3481614E-04,0.0000000E+00)      158746
 (1.6680725E-04,0.0000000E+00)      158747
 (1.9725776E-04,0.0000000E+00)      158853
 (2.5322282E-04,0.0000000E+00)      158612
 (1.6684987E-04,0.0000000E+00)      158583
 (2.1565043E-04,0.0000000E+00)      158613
 (2.6838918E-04,0.0000000E+00)      158764
 (1.8301563E-04,0.0000000E+00)      158762
 (2.1546760E-04,0.0000000E+00)      158708
 (2.8718435E-04,0.0000000E+00)      158607
 (2.0177555E-04,0.0000000E+00)      158606
 (2.1561341E-04,0.0000000E+00)      158580
 (3.0356654E-04,0.0000000E+00)      158639
 (2.1814070E-04,0.0000000E+00)      158636
 (2.1561181E-04,0.0000000E+00)      158598
 (3.0358162E-04,0.0000000E+00)      158599
 (2.3471238E-04,0.0000000E+00)      158643
 (2.3215932E-04,0.0000000E+00)      158640
 (3.1292601E-04,0.0000000E+00)      158933
 (2.4492946E-04,0.0000000E+00)      158960
 (2.4645249E-04,0.0000000E+00)      158957
 (2.9583581E-04,0.0000000E+00)      158563
 (2.4494337E-04,0.0000000E+00)      158544
 (2.2939482E-04,0.0000000E+00)      158564
 (2.8405833E-04,0.0000000E+00)      158858
 (2.3717849E-04,0.0000000E+00)      158860
 (2.2340828E-04,0.0000000E+00)      158808
 (3.0062950E-04,0.0000000E+00)      158806
 (2.3891167E-04,0.0000000E+00)      158751
 (2.3926682E-04,0.0000000E+00)      158807
 (2.9285223E-04,0.0000000E+00)      158970
 (2.3138779E-04,0.0000000E+00)      158859
 (2.2618998E-04,0.0000000E+00)      158862
 (2.9064802E-04,0.0000000E+00)      158703
 (2.4440812E-04,0.0000000E+00)      158645
 (2.4024904E-04,0.0000000E+00)      158615
 (2.9538752E-04,0.0000000E+00)      158852
 (2.5554548E-04,0.0000000E+00)      158891
 (2.4583447E-04,0.0000000E+00)      158897
 (2.8379323E-04,0.0000000E+00)      158854
 (2.4782959E-04,0.0000000E+00)      158856
 (2.3939920E-04,0.0000000E+00)      158803
 (2.8371532E-04,0.0000000E+00)      158663
 (2.2573484E-04,0.0000000E+00)      158564
 (2.1756456E-04,0.0000000E+00)      158565
 (2.6992912E-04,0.0000000E+00)      158872
 (2.1720446E-04,0.0000000E+00)      158823
 (2.1146305E-04,0.0000000E+00)      158879
 (2.7095139E-04,0.0000000E+00)      158887
 (2.3492469E-04,0.0000000E+00)      158772
 (2.2749614E-04,0.0000000E+00)      158774
 (2.5833276E-04,0.0000000E+00)      158726
 (2.2864609E-04,0.0000000E+00)      158725
 (2.2226640E-04,0.0000000E+00)      158832
 (2.7249346E-04,0.0000000E+00)      158787
 (2.2857469E-04,0.0000000E+00)      158733
 (2.3661513E-04,0.0000000E+00)      158788
 (2.7217413E-04,0.0000000E+00)      158667
 (2.0659859E-04,0.0000000E+00)      158572
 (2.1462356E-04,0.0000000E+00)      158574
 (2.6909154E-04,0.0000000E+00)      158595
 (2.2243916E-04,0.0000000E+00)      158627
 (2.3162276E-04,0.0000000E+00)      158623
 (2.8049559E-04,0.0000000E+00)      158896
 (2.1534449E-04,0.0000000E+00)      158841
 (2.3853034E-04,0.0000000E+00)      158885
 (2.8742914E-04,0.0000000E+00)      158677
 (2.2562551E-04,0.0000000E+00)      158621
 (2.5410502E-04,0.0000000E+00)      158624
 (2.8153128E-04,0.0000000E+00)      158699
 (2.1261527E-04,0.0000000E+00)      158704
 (2.4879395E-04,0.0000000E+00)      158799
 (2.8126928E-04,0.0000000E+00)      158705
 (2.2688361E-04,0.0000000E+00)      158761
 (2.6287077E-04,0.0000000E+00)      158758
 (2.9634655E-04,0.0000000E+00)      158945
 (2.4226010E-04,0.0000000E+00)      158941
 (2.6413682E-04,0.0000000E+00)      158925
 (3.0130718E-04,0.0000000E+00)      158623
 (2.4816676E-04,0.0000000E+00)      158680
 (2.7694445E-04,0.0000000E+00)      158624
 (3.0130835E-04,0.0000000E+00)      158597
 (2.6504468E-04,0.0000000E+00)      158635
 (2.9380477E-04,0.0000000E+00)      158632
 (3.0308025E-04,0.0000000E+00)      158700
 (2.8258743E-04,0.0000000E+00)      158757
 (3.1153389E-04,0.0000000E+00)      158755
 (2.9661416E-04,0.0000000E+00)      158965
 (2.8828043E-04,0.0000000E+00)      158910
 (3.2352519E-04,0.0000000E+00)      158900
 (3.1548468E-04,0.0000000E+00)      158651
 (2.8803656E-04,0.0000000E+00)      158603
 (3.4234222E-04,0.0000000E+00)      158652
 (3.3025435E-04,0.0000000E+00)      158904
 (2.9361085E-04,0.0000000E+00)      158857
 (3.5495689E-04,0.0000000E+00)      158910
 (3.4625447E-04,0.0000000E+00)      158927
 (3.0864877E-04,0.0000000E+00)      158924
 (3.5337129E-04,0.0000000E+00)      158887
 (3.4609652E-04,0.0000000E+00)      158721
 (3.2487125E-04,0.0000000E+00)      158775
 (3.6943809E-04,0.0000000E+00)      158774
 (3.5725601E-04,0.0000000E+00)      158944
 (3.2329213E-04,0.0000000E+00)      158921
 (3.8160919E-04,0.0000000E+00)      158948
 (3.7446182E-04,0.0000000E+00)      158614
 (3.2326169E-04,0.0000000E+00)      158584
 (3.9878816E-04,0.0000000E+00)      158616
 (3.7309632E-04,0.0000000E+00)      158914
 (3.3857281E-04,0.0000000E+00)      158940
 (4.1358155E-04,0.0000000E+00)      158938
 (3.9014607E-04,0.0000000E+00)      158622
 (3.3857007E-04,0.0000000E+00)      158586
 (4.3061189E-04,0.0000000E+00)      158625
 (3.8813721E-04,0.0000000E+00)      158976
 (3.4772104E-04,0.0000000E+00)      158952
 (4.4268387E-04,0.0000000E+00)      158946
 (4.0474429E-04,0.0000000E+00)      158626
 (3.4770151E-04,0.0000000E+00)      158587
 (4.5926723E-04,0.0000000E+00)      158629
 (4.2146226E-04,0.0000000E+00)      158633
 (3.6444637E-04,0.0000000E+00)      158630
 (4.5923478E-04,0.0000000E+00)      158589
 (4.3112322E-04,0.0000000E+00)      158863
 (3.7503731E-04,0.0000000E+00)      158916
 (4.7373693E-04,0.0000000E+00)      158911
 (4.3495197E-04,0.0000000E+00)      158593
 (3.9372407E-04,0.0000000E+00)      158619
 (4.9189560E-04,0.0000000E+00)      158615
 (4.5198086E-04,0.0000000E+00)      158642
 (3.9484055E-04,0.0000000E+00)      158592
 (5.0918141E-04,0.0000000E+00)      158645
 (4.4582554E-04,0.0000000E+00)      158763
 (3.8880538E-04,0.0000000E+00)      158824
 (4.9882900E-04,0.0000000E+00)      158811
 (4.3873559E-04,0.0000000E+00)      158833
 (3.8290245E-04,0.0000000E+00)      158962
 (4.8738348E-04,0.0000000E+00)      158835
 (4.2172952E-04,0.0000000E+00)      158560
 (3.6584219E-04,0.0000000E+00)      158559
 (4.8737391E-04,0.0000000E+00)      158541
 (4.4014442E-04,0.0000000E+00)      158770
 (3.6818505E-04,0.0000000E+00)      158718
 (5.0463597E-04,0.0000000E+00)      158772
 (4.3147715E-04,0.0000000E+00)      158707
 (3.6296892E-04,0.0000000E+00)      158808
 (4.9094990E-04,0.0000000E+00)      158709
 (4.1318717E-04,0.0000000E+00)      158697
 (3.6320652E-04,0.0000000E+00)      158663
 (4.7250345E-04,0.0000000E+00)      158699
 (4.0795913E-04,0.0000000E+00)      158674
 (3.7606861E-04,0.0000000E+00)      158731
 (4.8667152E-04,0.0000000E+00)      158734
 (4.0729524E-04,0.0000000E+00)      158730
 (3.9211725E-04,0.0000000E+00)      158785
 (5.0193770E-04,0.0000000E+00)      158782
 (4.1904789E-04,0.0000000E+00)      158738
 (4.0520125E-04,0.0000000E+00)      158732
 (5.0292577E-04,0.0000000E+00)      158677
 (4.0224913E-04,0.0000000E+00)      158574
 (4.0492410E-04,0.0000000E+00)      158549
 (4.8610556E-04,0.0000000E+00)      158575
 (3.9521456E-04,0.0000000E+00)      158719
 (3.9079587E-04,0.0000000E+00)      158722
 (4.8006474E-04,0.0000000E+00)      158823
 (4.0210749E-04,0.0000000E+00)      158850
 (3.9853735E-04,0.0000000E+00)      158742
 (4.9128255E-04,0.0000000E+00)      158744
 (4.2186218E-04,0.0000000E+00)      158618
 (4.0444636E-04,0.0000000E+00)      158594
 (5.1087776E-04,0.0000000E+00)      158621
 (4.2194116E-04,0.0000000E+00)      158690
 (4.1912435E-04,0.0000000E+00)      158635
 (5.2546285E-04,0.0000000E+00)      158636
 (3.9996405E-04,0.0000000E+00)      158579
 (3.9704493E-04,0.0000000E+00)      158573
 (5.2561949E-04,0.0000000E+00)      158661
 (3.9084439E-04,0.0000000E+00)      158701
 (3.9186518E-04,0.0000000E+00)      158803
 (5.1082100E-04,0.0000000E+00)      158704
 (3.8462898E-04,0.0000000E+00)      158784
 (3.7987228E-04,0.0000000E+00)      158836
 (5.0297234E-04,0.0000000E+00)      158838
 (3.7066112E-04,0.0000000E+00)      158694
 (3.7434095E-04,0.0000000E+00)      158786
 (4.9495167E-04,0.0000000E+00)      158691
 (3.8760991E-04,0.0000000E+00)      158765
 (3.7341716E-04,0.0000000E+00)      158875
 (5.0953374E-04,0.0000000E+00)      158764
 (3.8702777E-04,0.0000000E+00)      158708
 (3.8820840E-04,0.0000000E+00)      158650
 (5.2556332E-04,0.0000000E+00)      158651
 (3.8211039E-04,0.0000000E+00)      158791
 (3.7514389E-04,0.0000000E+00)      158694
 (5.1848195E-04,0.0000000E+00)      158692
 (3.7475431E-04,0.0000000E+00)      158773
 (3.6887862E-04,0.0000000E+00)      158831
 (5.0552783E-04,0.0000000E+00)      158825
 (3.6179030E-04,0.0000000E+00)      158713
 (3.6356630E-04,0.0000000E+00)      158810
 (4.9882592E-04,0.0000000E+00)      158710
 (3.4815280E-04,0.0000000E+00)      158713
 (3.5538417E-04,0.0000000E+00)      158712
 (4.9363868E-04,0.0000000E+00)      158814
 (3.4921232E-04,0.0000000E+00)      158947
 (3.6891951E-04,0.0000000E+00)      158927
 (5.0830480E-04,0.0000000E+00)      158926
 (3.3845802E-04,0.0000000E+00)      158874
 (3.6416153E-04,0.0000000E+00)      158975
 (4.9582386E-04,0.0000000E+00)      158876
 (3.3918937E-04,0.0000000E+00)      158751
 (3.7812363E-04,0.0000000E+00)      158641
 (5.1025877E-04,0.0000000E+00)      158642
 (3.5306654E-04,0.0000000E+00)      158945
 (3.8936760E-04,0.0000000E+00)      158949
 (5.1119982E-04,0.0000000E+00)      158977
 (3.6598684E-04,0.0000000E+00)      158956
 (4.0468367E-04,0.0000000E+00)      158953
 (5.1563705E-04,0.0000000E+00)      158931
 (3.6561344E-04,0.0000000E+00)      158932
 (4.1970803E-04,0.0000000E+00)      158801
 (5.2747299E-04,0.0000000E+00)      158802
 (3.6523602E-04,0.0000000E+00)      158669
 (4.0076283E-04,0.0000000E+00)      158727
 (5.0874177E-04,0.0000000E+00)      158725
 (3.7391152E-04,0.0000000E+00)      158881
 (4.1069667E-04,0.0000000E+00)      158923
 (5.2231166E-04,0.0000000E+00)      158919
 (3.6758318E-04,0.0000000E+00)      158760
 (4.0044470E-04,0.0000000E+00)      158811
 (5.1668473E-04,0.0000000E+00)      158815
 (3.8236176E-04,0.0000000E+00)      158795
 (4.1382029E-04,0.0000000E+00)      158796
 (5.1712547E-04,0.0000000E+00)      158930
 (3.9335777E-04,0.0000000E+00)      158769
 (4.2848114E-04,0.0000000E+00)      158770
 (5.1843206E-04,0.0000000E+00)      158881
 (3.9481616E-04,0.0000000E+00)      158656
 (4.0806530E-04,0.0000000E+00)      158670
 (4.9856317E-04,0.0000000E+00)      158673
 (3.8904499E-04,0.0000000E+00)      158777
 (3.9744741E-04,0.0000000E+00)      158830
 (4.9165275E-04,0.0000000E+00)      158833
 (3.9597490E-04,0.0000000E+00)      158853
 (4.1061756E-04,0.0000000E+00)      158899
 (5.0710025E-04,0.0000000E+00)      158891
 (4.0604000E-04,0.0000000E+00)      158903
 (4.2185150E-04,0.0000000E+00)      158897
 (5.1099068E-04,0.0000000E+00)      158968
 (3.9608809E-04,0.0000000E+00)      158812
 (4.1283685E-04,0.0000000E+00)      158809
 (5.1212334E-04,0.0000000E+00)      158935
 (4.0782915E-04,0.0000000E+00)      158783
 (4.1093837E-04,0.0000000E+00)      158703
 (5.2356703E-04,0.0000000E+00)      158735
 (4.0120378E-04,0.0000000E+00)      158843
 (3.9794517E-04,0.0000000E+00)      158836
 (5.1448989E-04,0.0000000E+00)      158786
 (3.9071514E-04,0.0000000E+00)      158829
 (3.9002459E-04,0.0000000E+00)      158889
 (4.9903942E-04,0.0000000E+00)      158878
 (3.8513108E-04,0.0000000E+00)      158773
 (3.8292902E-04,0.0000000E+00)      158683
 (4.8548306E-04,0.0000000E+00)      158685
 (3.9406682E-04,0.0000000E+00)      158744
 (3.8820124E-04,0.0000000E+00)      158743
 (4.8981258E-04,0.0000000E+00)      158852
 (4.0088408E-04,0.0000000E+00)      158682
 (3.9995700E-04,0.0000000E+00)      158742
 (5.0388934E-04,0.0000000E+00)      158737
 (4.0095783E-04,0.0000000E+00)      158741
 (4.1410758E-04,0.0000000E+00)      158798
 (5.1811727E-04,0.0000000E+00)      158796
 (4.1702602E-04,0.0000000E+00)      158634
 (4.1409055E-04,0.0000000E+00)      158590
 (5.3416786E-04,0.0000000E+00)      158637
 (4.1722899E-04,0.0000000E+00)      158705
 (4.2883804E-04,0.0000000E+00)      158648
 (5.4860563E-04,0.0000000E+00)      158649
 (4.0428070E-04,0.0000000E+00)      158882
 (4.1853081E-04,0.0000000E+00)      158880
 (5.4273574E-04,0.0000000E+00)      158977
 (3.9518776E-04,0.0000000E+00)      158723
 (4.0410686E-04,0.0000000E+00)      158726
 (5.3719367E-04,0.0000000E+00)      158829
 (4.1004305E-04,0.0000000E+00)      158605
 (4.2000244E-04,0.0000000E+00)      158606
 (5.3700316E-04,0.0000000E+00)      158718
 (4.1001770E-04,0.0000000E+00)      158660
 (3.9775416E-04,0.0000000E+00)      158560
 (5.1477330E-04,0.0000000E+00)      158561
 (4.0379536E-04,0.0000000E+00)      158826
 (3.8444539E-04,0.0000000E+00)      158878
 (5.0669280E-04,0.0000000E+00)      158880
 (3.8656115E-04,0.0000000E+00)      158577
 (3.6725530E-04,0.0000000E+00)      158576
 (5.0666911E-04,0.0000000E+00)      158550
 (3.8659861E-04,0.0000000E+00)      158724
 (3.8214872E-04,0.0000000E+00)      158778
 (5.2166788E-04,0.0000000E+00)      158776
 (3.9437224E-04,0.0000000E+00)      158893
 (3.8048363E-04,0.0000000E+00)      158969
 (5.3328369E-04,0.0000000E+00)      158890
 (4.1154941E-04,0.0000000E+00)      158732
 (3.8527598E-04,0.0000000E+00)      158840
 (5.4647907E-04,0.0000000E+00)      158731
 (4.0395040E-04,0.0000000E+00)      158805
 (3.7983476E-04,0.0000000E+00)      158859
 (5.3530326E-04,0.0000000E+00)      158854
 (4.1472833E-04,0.0000000E+00)      158918
 (3.8022493E-04,0.0000000E+00)      158959
 (5.4773316E-04,0.0000000E+00)      158915
 (4.0128999E-04,0.0000000E+00)      158839
 (3.7053402E-04,0.0000000E+00)      158838
 (5.4166338E-04,0.0000000E+00)      158964
 (4.0120454E-04,0.0000000E+00)      158690
 (3.8472842E-04,0.0000000E+00)      158749
 (5.5577856E-04,0.0000000E+00)      158747
 (3.9353213E-04,0.0000000E+00)      158849
 (3.7927029E-04,0.0000000E+00)      158797
 (5.4404762E-04,0.0000000E+00)      158847
 (3.9324380E-04,0.0000000E+00)      158871
 (3.9219297E-04,0.0000000E+00)      158761
 (5.5845454E-04,0.0000000E+00)      158762
 (3.8984671E-04,0.0000000E+00)      158868
 (4.0789362E-04,0.0000000E+00)      158917
 (5.7209918E-04,0.0000000E+00)      158912
 (3.8986211E-04,0.0000000E+00)      158894
 (4.2217766E-04,0.0000000E+00)      158775
 (5.8555632E-04,0.0000000E+00)      158776
 (3.8808055E-04,0.0000000E+00)      158894
 (4.3849659E-04,0.0000000E+00)      158928
 (6.0082739E-04,0.0000000E+00)      158926
 (3.8812443E-04,0.0000000E+00)      158730
 (4.5456414E-04,0.0000000E+00)      158613
 (6.1588828E-04,0.0000000E+00)      158614
 (3.8842150E-04,0.0000000E+00)      158728
 (4.7013725E-04,0.0000000E+00)      158611
 (6.3222379E-04,0.0000000E+00)      158612
 (4.0231354E-04,0.0000000E+00)      158785
 (4.8241450E-04,0.0000000E+00)      158787
 (6.3188898E-04,0.0000000E+00)      158921
 (3.9618064E-04,0.0000000E+00)      158942
 (4.7663611E-04,0.0000000E+00)      158824
 (6.2155112E-04,0.0000000E+00)      158828
 (3.9617778E-04,0.0000000E+00)      158741
 (4.9127045E-04,0.0000000E+00)      158629
 (6.3626346E-04,0.0000000E+00)      158630
 (4.0013751E-04,0.0000000E+00)      158930
 (5.0853309E-04,0.0000000E+00)      158950
 (6.5318891E-04,0.0000000E+00)      158946
 (4.1315408E-04,0.0000000E+00)      158798
 (5.2483036E-04,0.0000000E+00)      158800
 (6.5315759E-04,0.0000000E+00)      158931
 (4.2648322E-04,0.0000000E+00)      158953
 (5.2892842E-04,0.0000000E+00)      158975
 (6.6739781E-04,0.0000000E+00)      158950
 (4.2991492E-04,0.0000000E+00)      158981
 (5.3173449E-04,0.0000000E+00)      158939
 (6.7374838E-04,0.0000000E+00)      158943
 (4.2353015E-04,0.0000000E+00)      158815
 (5.2532402E-04,0.0000000E+00)      158936
 (6.6235516E-04,0.0000000E+00)      158816
 (4.2688203E-04,0.0000000E+00)      158980
 (5.3250854E-04,0.0000000E+00)      158943
 (6.6885562E-04,0.0000000E+00)      158938
 (4.2592915E-04,0.0000000E+00)      158877
 (5.4725941E-04,0.0000000E+00)      158767
 (6.8012817E-04,0.0000000E+00)      158768
 (4.4074398E-04,0.0000000E+00)      158616
 (5.6177541E-04,0.0000000E+00)      158617
 (6.8030442E-04,0.0000000E+00)      158733
 (4.4731793E-04,0.0000000E+00)      158922
 (5.7312887E-04,0.0000000E+00)      158909
 (6.7586219E-04,0.0000000E+00)      158942
 (4.5183793E-04,0.0000000E+00)      158740
 (5.7865126E-04,0.0000000E+00)      158680
 (6.8612304E-04,0.0000000E+00)      158737
 (4.5145338E-04,0.0000000E+00)      158548
 (5.6174229E-04,0.0000000E+00)      158572
 (6.6922046E-04,0.0000000E+00)      158571
 (4.4437556E-04,0.0000000E+00)      158961
 (5.5311929E-04,0.0000000E+00)      158831
 (6.5656722E-04,0.0000000E+00)      158835
 (4.3861938E-04,0.0000000E+00)      158959
 (5.4147345E-04,0.0000000E+00)      158828
 (6.4724690E-04,0.0000000E+00)      158827
 (4.3863151E-04,0.0000000E+00)      158539
 (5.2432180E-04,0.0000000E+00)      158556
 (6.3005980E-04,0.0000000E+00)      158555
 (4.3739221E-04,0.0000000E+00)      158979
 (5.3778861E-04,0.0000000E+00)      158940
 (6.4063584E-04,0.0000000E+00)      158944
 (4.1837789E-04,0.0000000E+00)      158692
 (5.3700357E-04,0.0000000E+00)      158662
 (6.2154490E-04,0.0000000E+00)      158695
 (4.0389341E-04,0.0000000E+00)      158698
 (5.2825589E-04,0.0000000E+00)      158697
 (6.1621104E-04,0.0000000E+00)      158797
 (3.8686450E-04,0.0000000E+00)      158566
 (5.1119161E-04,0.0000000E+00)      158565
 (6.1598863E-04,0.0000000E+00)      158545
 (3.7829275E-04,0.0000000E+00)      158965
 (5.0661218E-04,0.0000000E+00)      158843
 (6.0342473E-04,0.0000000E+00)      158846
 (3.7827782E-04,0.0000000E+00)      158666
 (4.8822918E-04,0.0000000E+00)      158714
 (5.8526028E-04,0.0000000E+00)      158712
 (3.6129527E-04,0.0000000E+00)      158569
 (4.8819455E-04,0.0000000E+00)      158547
 (5.6825258E-04,0.0000000E+00)      158570
 (3.4259615E-04,0.0000000E+00)      158683
 (4.6999488E-04,0.0000000E+00)      158679
 (5.6778255E-04,0.0000000E+00)      158658
 (3.2572966E-04,0.0000000E+00)      158557
 (4.6984822E-04,0.0000000E+00)      158540
 (5.5097969E-04,0.0000000E+00)      158558
 (3.1267083E-04,0.0000000E+00)      158681
 (4.6434236E-04,0.0000000E+00)      158763
 (5.4400641E-04,0.0000000E+00)      158676
 (3.0372341E-04,0.0000000E+00)      158964
 (4.7935644E-04,0.0000000E+00)      158900
 (5.5368961E-04,0.0000000E+00)      158905
 (2.8507737E-04,0.0000000E+00)      158706
 (4.6058564E-04,0.0000000E+00)      158701
 (5.5337476E-04,0.0000000E+00)      158664
 (2.9704242E-04,0.0000000E+00)      158937
 (4.6225596E-04,0.0000000E+00)      158901
 (5.6432083E-04,0.0000000E+00)      158939
 (2.8801730E-04,0.0000000E+00)      158966
 (4.4949129E-04,0.0000000E+00)      158902
 (5.5793929E-04,0.0000000E+00)      158866
 (2.8435231E-04,0.0000000E+00)      158935
 (4.6021829E-04,0.0000000E+00)      158920
 (5.6616263E-04,0.0000000E+00)      158924
 (2.9955580E-04,0.0000000E+00)      158781
 (4.7475551E-04,0.0000000E+00)      158782
 (5.6612428E-04,0.0000000E+00)      158914
 (3.0630227E-04,0.0000000E+00)      158870
 (4.8735228E-04,0.0000000E+00)      158896
 (5.7653827E-04,0.0000000E+00)      158958
 (3.0625585E-04,0.0000000E+00)      158668
 (4.6514915E-04,0.0000000E+00)      158575
 (5.5399770E-04,0.0000000E+00)      158576
 (2.9776178E-04,0.0000000E+00)      158877
 (4.7881293E-04,0.0000000E+00)      158919
 (5.6433590E-04,0.0000000E+00)      158913
 (2.7526624E-04,0.0000000E+00)      158554
 (4.5626101E-04,0.0000000E+00)      158555
 (5.6421827E-04,0.0000000E+00)      158657
 (2.5315379E-04,0.0000000E+00)      158558
 (4.3411422E-04,0.0000000E+00)      158559
 (5.6412705E-04,0.0000000E+00)      158659
 (2.5301246E-04,0.0000000E+00)      158658
 (4.1201344E-04,0.0000000E+00)      158556
 (5.4237404E-04,0.0000000E+00)      158557
 (2.4519674E-04,0.0000000E+00)      158679
 (4.0707702E-04,0.0000000E+00)      158771
 (5.2920880E-04,0.0000000E+00)      158681
 (2.2659088E-04,0.0000000E+00)      158691
 (3.8848244E-04,0.0000000E+00)      158688
 (5.2904629E-04,0.0000000E+00)      158660
 (2.1373047E-04,0.0000000E+00)      158888
 (3.8028031E-04,0.0000000E+00)      158834
 (5.2292401E-04,0.0000000E+00)      158898
 (2.2795562E-04,0.0000000E+00)      158768
 (3.8038951E-04,0.0000000E+00)      158715
 (5.3719035E-04,0.0000000E+00)      158769
 (2.1478593E-04,0.0000000E+00)      158895
 (3.6957668E-04,0.0000000E+00)      158892
 (5.3375302E-04,0.0000000E+00)      158979
 (2.1454379E-04,0.0000000E+00)      158871
 (3.8544249E-04,0.0000000E+00)      158915
 (5.5091380E-04,0.0000000E+00)      158908
 (1.9713579E-04,0.0000000E+00)      158554
 (3.6802582E-04,0.0000000E+00)      158552
 (5.5092236E-04,0.0000000E+00)      158538
 (1.9773589E-04,0.0000000E+00)      158929
 (3.8101742E-04,0.0000000E+00)      158792
 (5.6407280E-04,0.0000000E+00)      158794
 (1.8883239E-04,0.0000000E+00)      158720
 (3.7587190E-04,0.0000000E+00)      158826
 (5.4962368E-04,0.0000000E+00)      158722
 (1.6994792E-04,0.0000000E+00)      158720
 (3.7538234E-04,0.0000000E+00)      158668
 (5.3085509E-04,0.0000000E+00)      158723
 (1.8383921E-04,0.0000000E+00)      158955
 (3.8421853E-04,0.0000000E+00)      158958
 (5.2377064E-04,0.0000000E+00)      158971
 (1.6209601E-04,0.0000000E+00)      158570
 (3.6263029E-04,0.0000000E+00)      158571
 (5.2361819E-04,0.0000000E+00)      158666
 (1.6003134E-04,0.0000000E+00)      158870
 (3.7589754E-04,0.0000000E+00)      158807
 (5.3447287E-04,0.0000000E+00)      158783
 (1.5352547E-04,0.0000000E+00)      158686
 (3.6300402E-04,0.0000000E+00)      158689
 (5.2882056E-04,0.0000000E+00)      158779
 (1.4825832E-04,0.0000000E+00)      158962
 (3.7622641E-04,0.0000000E+00)      158907
 (5.3651043E-04,0.0000000E+00)      158912
 (1.4013358E-04,0.0000000E+00)      158976
 (3.6856593E-04,0.0000000E+00)      158879
 (5.2350457E-04,0.0000000E+00)      158882
 (1.3200342E-04,0.0000000E+00)      158684
 (3.6344311E-04,0.0000000E+00)      158777
 (5.0962513E-04,0.0000000E+00)      158685
 (1.1346571E-04,0.0000000E+00)      158686
 (3.4495789E-04,0.0000000E+00)      158684
 (5.0919963E-04,0.0000000E+00)      158659
 (1.2112556E-04,0.0000000E+00)      158735
 (3.5546915E-04,0.0000000E+00)      158734
 (5.0612341E-04,0.0000000E+00)      158841
 (1.0542199E-04,0.0000000E+00)      158818
 (3.6408042E-04,0.0000000E+00)      158884
 (4.9943675E-04,0.0000000E+00)      158855
 (1.1657320E-04,0.0000000E+00)      158954
 (3.5579631E-04,0.0000000E+00)      158932
 (5.1361322E-04,0.0000000E+00)      158957
 (1.1184712E-04,0.0000000E+00)      158820
 (3.4215814E-04,0.0000000E+00)      158717
 (5.0535006E-04,0.0000000E+00)      158716
 (1.0490905E-04,0.0000000E+00)      158867
 (3.3676333E-04,0.0000000E+00)      158814
 (4.9502141E-04,0.0000000E+00)      158864
 (9.9608071E-05,0.0000000E+00)      158817
 (3.3043724E-04,0.0000000E+00)      158714
 (4.8197445E-04,0.0000000E+00)      158717
 (9.9831355E-05,0.0000000E+00)      158981
 (3.2601933E-04,0.0000000E+00)      158906
 (4.7643870E-04,0.0000000E+00)      158902
 (9.9744895E-05,0.0000000E+00)      158966
 (3.3727492E-04,0.0000000E+00)      158928
 (4.8476362E-04,0.0000000E+00)      158937
 (9.0465815E-05,0.0000000E+00)      158822
 (3.3773013E-04,0.0000000E+00)      158759
 (4.7453018E-04,0.0000000E+00)      158812
 (9.0456131E-05,0.0000000E+00)      158978
 (3.4632641E-04,0.0000000E+00)      158948
 (4.8542322E-04,0.0000000E+00)      158941
 (7.8925608E-05,0.0000000E+00)      158678
 (3.4114628E-04,0.0000000E+00)      158766
 (4.7966916E-04,0.0000000E+00)      158675
 (7.3646952E-05,0.0000000E+00)      158789
 (3.2658028E-04,0.0000000E+00)      158729
 (4.7153991E-04,0.0000000E+00)      158702
 (6.7547087E-05,0.0000000E+00)      158821
 (3.1653827E-04,0.0000000E+00)      158819
 (4.6796456E-04,0.0000000E+00)      158766
 (8.1756538E-05,0.0000000E+00)      158806
 (3.1796235E-04,0.0000000E+00)      158933
 (4.7898045E-04,0.0000000E+00)      158804
 (8.9572561E-05,0.0000000E+00)      158885
 (3.3178696E-04,0.0000000E+00)      158883
 (4.7144387E-04,0.0000000E+00)      158970
 (8.6629974E-05,0.0000000E+00)      158756
 (3.2326917E-04,0.0000000E+00)      158813
 (4.6114225E-04,0.0000000E+00)      158809
 (8.0737293E-05,0.0000000E+00)      158756
 (3.1283207E-04,0.0000000E+00)      158670
 (4.4566958E-04,0.0000000E+00)      158672
 (7.4102194E-05,0.0000000E+00)      158671
 (3.0733497E-04,0.0000000E+00)      158760
 (4.3236301E-04,0.0000000E+00)      158672
 (7.4030424E-05,0.0000000E+00)      158657
 (2.8867603E-04,0.0000000E+00)      158676
 (4.1361450E-04,0.0000000E+00)      158671
 (5.7316283E-05,0.0000000E+00)      158553
 (2.7197038E-04,0.0000000E+00)      158573
 (4.1362207E-04,0.0000000E+00)      158542
 (5.7062105E-05,0.0000000E+00)      158656
 (2.4970839E-04,0.0000000E+00)      158553
 (3.9145490E-04,0.0000000E+00)      158552
 (3.9911149E-05,0.0000000E+00)      158578
 (2.4969253E-04,0.0000000E+00)      158551
 (3.7427337E-04,0.0000000E+00)      158579
 (3.0421639E-05,0.0000000E+00)      158906
 (2.4268645E-04,0.0000000E+00)      158980
 (3.7026970E-04,0.0000000E+00)      158898
 (1.3291405E-05,0.0000000E+00)      158561
 (2.4271387E-04,0.0000000E+00)      158543
 (3.5318403E-04,0.0000000E+00)      158562
 (2.7321124E-05,0.0000000E+00)      158758
 (2.4335839E-04,0.0000000E+00)      158868
 (3.7073065E-04,0.0000000E+00)      158757
 (2.0833071E-05,0.0000000E+00)      158706
 (2.3057096E-04,0.0000000E+00)      158709
 (3.6515499E-04,0.0000000E+00)      158805
 (1.4933681E-05,0.0000000E+00)      158974
 (2.3633252E-04,0.0000000E+00)      158956
 (3.7750206E-04,0.0000000E+00)      158951
 (7.0274923E-06,0.0000000E+00)      158972
 (2.2905729E-04,0.0000000E+00)      158865
 (3.6457600E-04,0.0000000E+00)      158869
 (1.4234109E-05,0.0000000E+00)      158960
 (2.4353569E-04,0.0000000E+00)      158955
 (3.5495535E-04,0.0000000E+00)      158972
 (3.1421288E-05,0.0000000E+00)      158638
 (2.4350747E-04,0.0000000E+00)      158591
 (3.7212408E-04,0.0000000E+00)      158641
 (1.8576369E-05,0.0000000E+00)      158822
 (2.4155558E-04,0.0000000E+00)      158947
 (3.5998703E-04,0.0000000E+00)      158821
 (-3.6072975E-06,0.0000000E+00)      158562
 (2.1925634E-04,0.0000000E+00)      158563
 (3.5991560E-04,0.0000000E+00)      158662
 (1.0059475E-05,0.0000000E+00)      158922
 (2.3415039E-04,0.0000000E+00)      158918
 (3.6220811E-04,0.0000000E+00)      158875
 (2.8339904E-05,0.0000000E+00)      158767
 (2.5142921E-04,0.0000000E+00)      158765
 (3.6039681E-04,0.0000000E+00)      158711
 (2.7909025E-05,0.0000000E+00)      158861
 (2.6660340E-04,0.0000000E+00)      158752
 (3.7252344E-04,0.0000000E+00)      158753
 (4.1941166E-05,0.0000000E+00)      158884
 (2.6115062E-04,0.0000000E+00)      158845
 (3.9140924E-04,0.0000000E+00)      158890
 (5.4445005E-05,0.0000000E+00)      158790
 (2.6132553E-04,0.0000000E+00)      158925
 (4.0405086E-04,0.0000000E+00)      158788
 (4.9413888E-05,0.0000000E+00)      158873
 (2.5084987E-04,0.0000000E+00)      158864
 (3.9659475E-04,0.0000000E+00)      158817
 (3.6651454E-05,0.0000000E+00)      158844
 (2.4680729E-04,0.0000000E+00)      158967
 (3.8291764E-04,0.0000000E+00)      158846
 (2.4063220E-05,0.0000000E+00)      158872
 (2.3923905E-04,0.0000000E+00)      158874
 (3.7758294E-04,0.0000000E+00)      158820
 (3.8297381E-05,0.0000000E+00)      158746
 (2.5313819E-04,0.0000000E+00)      158743
 (3.7548214E-04,0.0000000E+00)      158687
 (3.1189767E-05,0.0000000E+00)      158695
 (2.3927320E-04,0.0000000E+00)      158698
 (3.6966332E-04,0.0000000E+00)      158793
 (2.4677631E-05,0.0000000E+00)      158848
 (2.2495679E-04,0.0000000E+00)      158842
 (3.6200933E-04,0.0000000E+00)      158793
 (2.9422261E-05,0.0000000E+00)      158923
 (2.3730229E-04,0.0000000E+00)      158920
 (3.5339853E-04,0.0000000E+00)      158934
 (2.5410895E-05,0.0000000E+00)      158934
 (2.3151537E-04,0.0000000E+00)      158813
 (3.4361539E-04,0.0000000E+00)      158816
 (1.9916362E-05,0.0000000E+00)      158973
 (2.1935531E-04,0.0000000E+00)      158869
 (3.3545744E-04,0.0000000E+00)      158867
 (1.2144963E-05,0.0000000E+00)      158963
 (2.1268221E-04,0.0000000E+00)      158837
 (3.2271122E-04,0.0000000E+00)      158839
 (-4.8769789E-07,0.0000000E+00)      158825
 (2.0540065E-04,0.0000000E+00)      158827
 (3.1655518E-04,0.0000000E+00)      158771
 (-3.6283117E-07,0.0000000E+00)      158696
 (2.1958289E-04,0.0000000E+00)      158754
 (3.3077871E-04,0.0000000E+00)      158753
 (-5.9510521E-06,0.0000000E+00)      158969
 (2.0921053E-04,0.0000000E+00)      158851
 (3.2471304E-04,0.0000000E+00)      158849
 (8.8947636E-06,0.0000000E+00)      158632
 (2.0921590E-04,0.0000000E+00)      158687
 (3.4080748E-04,0.0000000E+00)      158631
 (4.2621818E-06,0.0000000E+00)      158674
 (2.2298796E-04,0.0000000E+00)      158619
 (3.5682393E-04,0.0000000E+00)      158618
 (4.4517142E-06,0.0000000E+00)      158661
 (2.0473539E-04,0.0000000E+00)      158675
 (3.3853712E-04,0.0000000E+00)      158702
 (-2.4020392E-07,0.0000000E+00)      158873
 (1.9357201E-04,0.0000000E+00)      158876
 (3.3111201E-04,0.0000000E+00)      158974
