  0.1136796          158552
  0.1148305          158553
  0.1136796          158554
  0.1145261          158555
  0.1145261          158556
  0.1119763          158557
  0.1119763          158558
  0.1128054          158559
  0.1128054          158560
  0.1130746          158561
  0.1130746          158562
  0.1145001          158563
  0.1145001          158564
  0.1124884          158565
  0.1124884          158566
  0.1144551          158567
  0.1144551          158568
  0.1129382          158569
  0.1129382          158570
  0.1114382          158571
  0.1114382          158572
  0.1148305          158573
  0.1116668          158574
  0.1116668          158575
  0.1142727          158576
  0.1142727          158577
  0.1139324          158578
  0.1139324          158579
 -4.8546333E-02      158605
 -5.4118142E-02      158606
 -5.4118142E-02      158607
 -5.2961819E-02      158608
 -5.2961819E-02      158609
 -5.3628117E-02      158610
 -5.3628117E-02      158611
 -5.7915881E-02      158612
 -5.7915881E-02      158613
 -5.2547958E-02      158614
 -5.7772752E-02      158615
 -5.2547958E-02      158616
 -5.1078975E-02      158617
 -6.5502360E-02      158618
 -5.7772752E-02      158619
 -5.1078975E-02      158620
 -6.5502360E-02      158621
 -5.0362278E-02      158622
 -4.5431651E-02      158623
 -7.1683124E-02      158624
 -5.0362278E-02      158625
 -4.8125647E-02      158626
 -4.5431651E-02      158627
 -5.5538416E-02      158628
 -4.8125647E-02      158629
 -4.8660856E-02      158630
 -5.5538416E-02      158631
 -4.8648294E-02      158632
 -4.8660856E-02      158633
 -4.7357388E-02      158634
 -4.8648294E-02      158635
 -4.8097186E-02      158636
 -4.7357388E-02      158637
 -4.9342312E-02      158638
 -4.8097186E-02      158639
 -4.8038442E-02      158640
 -4.9342312E-02      158641
 -5.2480411E-02      158642
 -4.8038442E-02      158643
 -4.8683241E-02      158644
 -5.2480411E-02      158645
 -4.8683241E-02      158646
 -4.9092717E-02      158647
 -4.9092717E-02      158648
 -4.7449965E-02      158649
 -4.7449965E-02      158650
 -5.3650901E-02      158651
 -5.3650901E-02      158652
 -4.8582129E-02      158653
 -4.8582129E-02      158654
 -4.8546333E-02      158655
  1.1508669E-03      158656
  8.4645051E-04      158657
 -2.5497626E-03      158658
  8.2908379E-04      158659
  2.6924256E-04      158660
 -8.9806376E-04      158661
  1.4254629E-03      158662
 -2.0116661E-03      158663
  1.9666415E-03      158664
 -1.5168454E-03      158665
 -1.5000585E-03      158666
  2.2865861E-04      158667
  2.6058790E-03      158668
 -3.4028318E-04      158669
  8.2224481E-02      158670
  6.8211257E-02      158671
  0.1018655          158672
  8.1073612E-02      158673
  7.7296086E-03      158674
  6.8064742E-02      158675
  6.7364804E-02      158676
 -6.1807632E-03      158677
  9.1492124E-02      158678
  6.8384141E-02      158679
 -2.6251476E-02      158680
  9.8386511E-02      158681
 -1.0106767E-02      158682
  7.0933901E-02      158683
  6.8074167E-02      158684
  0.1018721          158685
  6.7245089E-02      158686
  6.8901218E-03      158687
  6.8229429E-02      158688
  9.8214917E-02      158689
  5.5111176E-04      158690
  6.7960188E-02      158691
  7.3322788E-02      158692
  5.8739712E-05      158693
  0.1014342          158694
  7.1897335E-02      158695
 -6.4479839E-04      158696
  6.7982852E-02      158697
  0.1023461          158698
  6.9994517E-02      158699
 -4.0947532E-04      158700
  6.9262527E-02      158701
  6.8962805E-02      158702
  5.2923434E-03      158703
  0.1041049          158704
  1.6427513E-03      158705
  6.7295887E-02      158706
  6.6588387E-02      158707
 -6.2009366E-03      158708
  9.7274721E-02      158709
  6.8105236E-02      158710
  5.0687739E-03      158711
  6.8518803E-02      158712
  9.9782042E-02      158713
  7.0018865E-02      158714
  3.5797751E-05      158715
  7.1154654E-02      158716
  0.1022598          158717
 -5.5718124E-03      158718
  7.0925996E-02      158719
  7.0180975E-02      158720
  1.1563209E-03      158721
  0.1032592          158722
  6.7575097E-02      158723
 -6.6629512E-04      158724
  6.9849305E-02      158725
  9.9294774E-02      158726
  7.0189588E-02      158727
 -4.2877635E-03      158728
  0.1068894          158729
  5.3679254E-03      158730
 -5.4686405E-02      158731
 -7.7263206E-02      158732
  1.4689791E-03      158733
 -6.2416017E-02      158734
 -4.4634849E-02      158735
  7.1669940E-04      158736
 -6.2045373E-02      158737
 -7.1082443E-02      158738
  2.2366301E-03      158739
 -3.5793897E-02      158740
 -5.3520908E-04      158741
 -5.1938608E-02      158742
 -4.4857245E-02      158743
 -5.8280986E-02      158744
  1.3034701E-03      158745
 -5.1747367E-02      158746
 -5.0224692E-02      158747
 -1.9849271E-03      158748
 -5.0775807E-02      158749
 -7.0609905E-02      158750
 -3.1380975E-03      158751
 -7.0668638E-02      158752
 -5.0886746E-02      158753
 -5.0241947E-02      158754
 -7.1118884E-02      158755
  1.9640973E-02      158756
 -7.0709407E-02      158757
 -4.9913079E-02      158758
  1.0418515E-02      158759
  3.3654194E-02      158760
 -5.1555827E-02      158761
 -6.0757797E-02      158762
  3.1021701E-02      158763
 -5.4556862E-02      158764
 -6.8259992E-02      158765
  2.3427386E-02      158766
 -7.3328763E-02      158767
 -5.0654210E-02      158768
 -5.0690006E-02      158769
 -7.4281313E-02      158770
  3.0002374E-02      158771
 -6.8709500E-02      158772
  3.0938216E-02      158773
 -5.9334021E-02      158774
 -6.0490344E-02      158775
 -5.5266976E-02      158776
  3.3797946E-02      158777
 -5.4600686E-02      158778
  3.0969827E-02      158779
 -6.7362159E-02      158780
 -6.3074388E-02      158781
 -5.9043922E-02      158782
 -4.9927194E-02      158783
  2.9985484E-02      158784
 -6.4411841E-02      158785
  3.3473976E-02      158786
 -5.3927299E-02      158787
 -5.5396277E-02      158788
  3.7926570E-02      158789
 -5.4697387E-02      158790
  2.8111368E-02      158791
 -5.5414088E-02      158792
  3.0448761E-02      158793
 -5.6825381E-02      158794
 -5.9062008E-02      158795
 -5.0758120E-02      158796
  3.4363229E-02      158797
 -5.0222911E-02      158798
  3.4110341E-02      158799
 -7.0753008E-02      158800
 -7.2056472E-02      158801
 -5.1514063E-02      158802
  3.4842338E-02      158803
 -4.9529135E-02      158804
  2.9978842E-02      158805
 -7.0447594E-02      158806
 -6.7309491E-02      158807
  3.0686341E-02      158808
  6.4383298E-02      158809
  3.1676807E-02      158810
  7.1374059E-02      158811
  7.7138968E-02      158812
  4.4742323E-02      158813
  3.1263236E-02      158814
  3.7719864E-02      158815
  7.2849713E-02      158816
  3.2240953E-02      158817
  9.2393190E-02      158818
  8.1698239E-02      158819
  3.1105155E-02      158820
  5.8270853E-02      158821
  6.6720456E-02      158822
  3.2333169E-02      158823
  4.0352356E-02      158824
  8.4364496E-02      158825
  3.3078197E-02      158826
  5.4362126E-02      158827
  6.8202496E-02      158828
  3.1719681E-02      158829
  7.1182333E-02      158830
  5.3426281E-02      158831
  2.9445469E-02      158832
  3.7384383E-02      158833
  3.6699787E-02      158834
  7.2671726E-02      158835
  7.6987930E-02      158836
  4.0212505E-02      158837
  4.7002450E-02      158838
  7.6292135E-02      158839
 -2.2576803E-02      158840
  1.7781164E-02      158841
  9.1323048E-02      158842
  4.3513957E-02      158843
  6.3211679E-02      158844
  3.5288546E-02      158845
  7.0957102E-02      158846
  7.6423362E-02      158847
  6.0874287E-02      158848
  4.2060137E-02      158849
 -6.3423784E-03      158850
  6.9318399E-02      158851
 -1.3423739E-02      158852
  1.5226738E-03      158853
  7.2849005E-02      158854
  4.2313028E-02      158855
  3.8006667E-02      158856
 -1.9834092E-02      158857
  7.5871244E-02      158858
  4.2870156E-02      158859
  4.5184910E-02      158860
  1.9781893E-02      158861
  7.5922236E-02      158862
 -2.0876933E-02      158863
  6.9592521E-02      158864
  4.4194441E-02      158865
  4.3771669E-02      158866
  3.8329285E-02      158867
  2.0796327E-02      158868
  7.4573383E-02      158869
 -1.7382307E-02      158870
 -9.2019709E-03      158871
  8.5258074E-02      158872
  3.7351571E-02      158873
  5.4152917E-02      158874
 -1.3703133E-02      158875
  6.9583744E-02      158876
  2.2674561E-02      158877
  8.4860310E-02      158878
  5.2924901E-02      158879
  5.1782109E-02      158880
 -2.3591302E-02      158881
  7.2202981E-02      158882
 -7.6963328E-02      158883
 -5.0080162E-02      158884
 -4.3911248E-02      158885
 -5.4386523E-02      158886
  9.3754772E-03      158887
  8.0677770E-02      158888
  5.3140625E-02      158889
 -8.5368708E-02      158890
 -7.3635913E-02      158891
  5.1232301E-02      158892
 -5.8110442E-02      158893
  5.2233632E-03      158894
  7.3423043E-02      158895
 -6.1692417E-02      158896
 -6.0212176E-02      158897
  4.3977987E-02      158898
 -7.5158589E-02      158899
 -7.5022213E-02      158900
 -1.2761472E-02      158901
  6.8749666E-02      158902
 -5.1768061E-02      158903
 -6.7413159E-02      158904
 -4.5732532E-02      158905
  5.5818968E-02      158906
 -8.0717124E-02      158907
 -8.5471556E-02      158908
 -7.6576225E-02      158909
 -4.7579072E-02      158910
 -6.5514423E-02      158911
 -4.5429781E-02      158912
 -4.1446365E-02      158913
  4.0304693E-03      158914
 -7.6269582E-02      158915
 -4.4637494E-02      158916
 -6.6226110E-02      158917
 -6.2429212E-02      158918
 -6.4120926E-02      158919
 -6.8637013E-02      158920
  1.0484548E-02      158921
 -4.8726082E-02      158922
 -4.0529620E-02      158923
 -5.5881340E-02      158924
  6.9888867E-04      158925
 -7.3706418E-02      158926
 -6.5256819E-02      158927
 -7.8929782E-02      158928
 -1.4112924E-03      158929
  8.3038928E-03      158930
 -2.0530095E-02      158931
  2.0542411E-02      158932
 -2.0918459E-02      158933
  2.8107390E-02      158934
  1.2755672E-02      158935
  3.5129856E-02      158936
 -5.3951785E-02      158937
 -6.5962002E-02      158938
 -4.1190315E-02      158939
 -6.9992468E-02      158940
 -7.8568697E-02      158941
  2.7850140E-02      158942
 -5.4121014E-02      158943
 -4.7801729E-02      158944
 -7.9267584E-02      158945
 -7.6713495E-02      158946
  8.4496001E-03      158947
 -5.8286279E-02      158948
 -5.8846716E-02      158949
 -8.5017391E-02      158950
 -8.1288643E-02      158951
 -5.7435419E-02      158952
 -6.9586560E-02      158953
 -4.5044538E-02      158954
 -7.5047433E-02      158955
 -4.9056463E-02      158956
 -6.5586947E-02      158957
 -4.4310112E-02      158958
  1.3840369E-02      158959
 -4.4668492E-02      158960
  1.9245446E-02      158961
  3.5287343E-02      158962
  3.6079630E-02      158963
  2.9289683E-02      158964
  2.7443146E-02      158965
  2.4977995E-02      158966
  7.7454252E-03      158967
  8.4441137E-03      158968
  2.7258266E-02      158969
  3.3052076E-02      158970
  3.0737326E-02      158971
  3.0378943E-02      158972
  3.6244098E-02      158973
  3.2232173E-02      158974
  1.5430832E-02      158975
  1.9278076E-02      158976
  2.0420868E-02      158977
  2.0282414E-02      158978
  2.2190737E-02      158979
  1.1840981E-02      158980
 -1.2930701E-02      158981
  1.4658207E-02      317533
  1.5215956E-02      317534
  1.4599849E-02      317535
  1.4873260E-02      317536
  1.4949742E-02      317537
  1.4277088E-02      317538
  1.3956405E-02      317539
  1.4354213E-02      317540
  1.4298883E-02      317541
  1.4427382E-02      317542
  1.4445590E-02      317543
  1.4953312E-02      317544
  1.4983268E-02      317545
  1.4453353E-02      317546
  1.4009265E-02      317547
  1.4864663E-02      317548
  1.4907530E-02      317549
  1.4424638E-02      317550
  1.4495069E-02      317551
  1.4291043E-02      317552
  1.3666775E-02      317553
  1.5168541E-02      317554
  1.4215217E-02      317555
  1.3754067E-02      317556
  1.4771027E-02      317557
  1.4791878E-02      317558
  1.4701285E-02      317559
  1.4707838E-02      317560
  3.5015258E-03      317586
  4.4045947E-03      317587
  4.3347324E-03      317588
  4.2129392E-03      317589
  4.1772267E-03      317590
  4.3467316E-03      317591
  4.2120256E-03      317592
  5.0731292E-03      317593
  5.0051324E-03      317594
  4.1031344E-03      317595
  5.8881901E-03      317596
  4.1049183E-03      317597
  3.9034139E-03      317598
  7.7743484E-03      317599
  3.7314114E-03      317600
  3.9072405E-03      317601
  4.3079690E-03      317602
  3.7475561E-03      317603
  2.2510765E-03      317604
  1.0134330E-02      317605
  3.7814507E-03      317606
  3.4339265E-03      317607
  3.6574118E-03      317608
  4.8433081E-03      317609
  3.4502125E-03      317610
  3.5193099E-03      317611
  4.4789836E-03      317612
  3.4669291E-03      317613
  3.5069359E-03      317614
  3.3138259E-03      317615
  3.5219525E-03      317616
  3.4344231E-03      317617
  3.3343406E-03      317618
  3.6086410E-03      317619
  3.4342811E-03      317620
  3.4072655E-03      317621
  3.6090997E-03      317622
  4.4162758E-03      317623
  3.4310617E-03      317624
  3.5099653E-03      317625
  3.8202347E-03      317626
  3.5196692E-03      317627
  3.5747755E-03      317628
  3.5840315E-03      317629
  3.3461421E-03      317630
  3.3633562E-03      317631
  4.2118924E-03      317632
  4.3571070E-03      317633
  3.5049058E-03      317634
  3.4996797E-03      317635
  3.4937130E-03      317636
 -3.7674114E-02      317637
 -3.8884502E-02      317638
 -3.7807826E-02      317639
 -3.8728982E-02      317640
 -3.8722236E-02      317641
 -3.7477005E-02      317642
 -3.8222361E-02      317643
 -3.7763085E-02      317644
 -3.8846873E-02      317645
 -3.8069066E-02      317646
 -3.7612412E-02      317647
 -3.8641796E-02      317648
 -3.9015584E-02      317649
 -3.8542401E-02      317650
 -6.5732352E-04      317651
 -2.4208385E-03      317652
  1.4279697E-02      317653
  1.9553548E-03      317654
 -9.6925283E-03      317655
 -2.2666520E-03      317656
 -2.7181599E-03      317657
 -6.4872713E-03      317658
  1.1509528E-02      317659
 -1.7201017E-03      317660
 -2.8409646E-03      317661
  1.3382378E-02      317662
 -9.0473872E-03      317663
 -2.2163086E-03      317664
 -2.0571013E-03      317665
  1.4354352E-02      317666
 -3.0690124E-03      317667
 -1.2187448E-02      317668
 -2.2577152E-03      317669
  1.3252795E-02      317670
 -1.1959494E-02      317671
 -2.6638000E-03      317672
 -5.9833296E-04      317673
 -1.1921623E-02      317674
  1.4266711E-02      317675
 -2.3661200E-03      317676
 -1.2032511E-02      317677
 -2.4703292E-03      317678
  1.4491031E-02      317679
 -1.7289434E-03      317680
 -1.2225627E-02      317681
 -2.0211602E-03      317682
 -1.9577078E-03      317683
 -9.6071465E-03      317684
  1.4866554E-02      317685
 -1.1928742E-02      317686
 -2.9151584E-03      317687
 -2.6535399E-03      317688
 -1.2404857E-02      317689
  1.3018645E-02      317690
 -2.2725202E-03      317691
 -1.2415616E-02      317692
 -2.1287296E-03      317693
  1.3746615E-02      317694
 -1.8528732E-03      317695
 -1.2108944E-02      317696
 -8.1080064E-04      317697
  1.4431784E-02      317698
 -1.2324882E-02      317699
 -3.0283874E-03      317700
 -1.7389327E-03      317701
 -1.2699171E-02      317702
  1.4729632E-02      317703
 -3.0292009E-03      317704
 -1.2239390E-02      317705
 -1.7673009E-03      317706
  1.3595974E-02      317707
 -2.3885835E-03      317708
 -1.2145080E-02      317709
  1.5844524E-02      317710
 -1.1782290E-02      317711
 -1.4312937E-03      317712
  7.3220152E-03      317713
 -1.1403369E-02      317714
  4.8242267E-03      317715
 -6.3714042E-04      317716
 -1.1588150E-02      317717
  5.0999210E-03      317718
  5.1348344E-03      317719
 -1.1987037E-02      317720
 -2.9969157E-03      317721
 -1.1984957E-02      317722
 -3.0001956E-03      317723
 -1.4309196E-03      317724
  4.6304408E-03      317725
 -1.1866058E-02      317726
  1.5151252E-03      317727
  4.1735551E-04      317728
 -1.1971563E-02      317729
  6.8756816E-04      317730
  3.7814777E-03      317731
 -1.1131953E-02      317732
  4.2178608E-03      317733
  6.6636776E-04      317734
  4.4468147E-04      317735
  4.7796885E-03      317736
 -1.0881019E-02      317737
  3.0749633E-03      317738
  3.9548086E-04      317739
 -9.3580065E-03      317740
 -5.9680366E-03      317741
  8.9298061E-04      317742
  2.0016590E-03      317743
 -6.6615078E-03      317744
  1.1186597E-03      317745
  2.4404847E-03      317746
 -5.9809289E-03      317747
  5.2267439E-03      317748
  6.0439151E-04      317749
  5.1586173E-04      317750
  5.6599299E-03      317751
 -7.5744884E-03      317752
  2.2691167E-03      317753
 -6.6191223E-03      317754
  1.7199381E-03      317755
  2.0346632E-03      317756
  1.2322522E-03      317757
 -7.7403523E-03      317758
  1.1021858E-03      317759
 -6.2061045E-03      317760
  3.5271537E-03      317761
  2.3270645E-03      317762
  1.6297416E-03      317763
  1.9325936E-03      317764
 -8.9143626E-03      317765
  3.1930627E-03      317766
 -7.6279840E-03      317767
  1.1834090E-03      317768
  1.4790358E-03      317769
 -7.0008342E-03      317770
  1.5410023E-03      317771
 -6.5198354E-03      317772
  1.1406291E-03      317773
 -6.6291061E-03      317774
  1.9122857E-03      317775
  1.4273855E-03      317776
  6.4855395E-04      317777
 -8.4575284E-03      317778
  5.0727843E-04      317779
 -4.9025547E-03      317780
  3.7258130E-03      317781
  4.6095964E-03      317782
  8.9507154E-04      317783
 -8.7779183E-03      317784
  2.2944038E-04      317785
 -6.2492508E-03      317786
  4.8645213E-03      317787
  2.6369239E-03      317788
 -8.8637853E-03      317789
  4.6831812E-03      317790
 -6.2013012E-03      317791
  7.2856606E-03      317792
  5.7683443E-03      317793
 -2.3252012E-03      317794
 -8.0127399E-03      317795
 -6.0749501E-03      317796
  7.4995523E-03      317797
 -5.6449212E-03      317798
  1.1817798E-02      317799
  9.2413910E-03      317800
 -7.7729137E-03      317801
 -1.6678660E-04      317802
  4.1381731E-03      317803
 -6.6097570E-03      317804
 -5.7189767E-03      317805
  1.0065416E-02      317806
 -8.5589048E-03      317807
 -3.7198737E-03      317808
  6.4680926E-03      317809
 -9.2363236E-03      317810
  7.1127405E-03      317811
 -5.3854887E-03      317812
 -5.7754954E-03      317813
 -5.5694981E-03      317814
 -6.2462064E-03      317815
  7.4579306E-03      317816
  8.2906187E-03      317817
 -7.6522902E-03      317818
 -5.1141544E-03      317819
  8.0978870E-03      317820
 -1.1138982E-02      317821
 -5.7811080E-03      317822
  1.1775328E-02      317823
 -9.2652822E-03      317824
 -8.0658280E-04      317825
 -1.1724036E-02      317826
  6.1393790E-03      317827
  8.0228737E-03      317828
 -4.3416019E-03      317829
 -4.7131032E-03      317830
 -6.1953459E-03      317831
  6.7755901E-03      317832
 -3.8778742E-03      317833
 -9.5682284E-03      317834
  7.4618645E-03      317835
 -7.3775225E-03      317836
 -6.2901657E-03      317837
 -1.0821661E-02      317838
  8.0477800E-03      317839
 -7.4367453E-03      317840
 -5.0881305E-03      317841
 -9.9388063E-03      317842
  8.0768531E-03      317843
 -9.0749944E-03      317844
  6.7454362E-03      317845
 -7.5718760E-03      317846
 -9.3984790E-03      317847
 -5.1301732E-03      317848
 -1.2511870E-02      317849
  7.7630128E-03      317850
 -8.9287488E-03      317851
 -1.1138177E-02      317852
  1.0120802E-02      317853
 -7.8335749E-03      317854
 -2.7879360E-03      317855
 -1.2914528E-02      317856
  6.3578691E-03      317857
 -8.7930206E-03      317858
  1.0004442E-02      317859
 -7.0052026E-03      317860
 -4.2786431E-03      317861
 -8.4127206E-03      317862
  7.1903509E-03      317863
  8.3334949E-03      317864
 -3.7675491E-03      317865
 -5.0842394E-03      317866
 -6.7667789E-03      317867
 -1.4031554E-02      317868
  9.1163982E-03      317869
 -9.8173674E-03      317870
  9.1980128E-03      317871
  7.5242938E-03      317872
 -2.0807681E-03      317873
  2.3332983E-03      317874
 -1.1396022E-02      317875
  6.6528479E-03      317876
  5.2920138E-03      317877
 -1.4756271E-04      317878
 -7.4918182E-03      317879
  2.7062726E-04      317880
  7.9038050E-03      317881
 -1.0656021E-02      317882
  6.3234726E-03      317883
  2.9921457E-03      317884
  5.8674901E-03      317885
 -6.4933328E-03      317886
  3.7192358E-03      317887
  8.9199683E-03      317888
  7.2972430E-03      317889
  8.1022428E-03      317890
 -3.5164396E-03      317891
  6.0477606E-03      317892
 -2.5981965E-03      317893
 -6.7443941E-03      317894
 -1.2358326E-02      317895
  5.3781709E-03      317896
 -7.6509286E-03      317897
  4.5130397E-03      317898
  3.3163952E-03      317899
  5.8268122E-03      317900
  6.1761867E-03      317901
 -1.0024358E-02      317902
 -1.4520618E-03      317903
 -7.0069237E-03      317904
 -2.2710553E-04      317905
 -1.0253409E-02      317906
  3.6647490E-03      317907
  3.3278326E-03      317908
  6.7471224E-03      317909
 -1.0542760E-02      317910
 -1.1876522E-02      317911
 -1.1104527E-02      317912
 -9.4645638E-03      317913
 -8.7246224E-03      317914
 -4.6097687E-03      317915
 -7.5881956E-03      317916
 -5.3710821E-03      317917
  2.2360033E-03      317918
  2.0040418E-03      317919
 -1.4140598E-03      317920
  4.5379838E-03      317921
  6.6837124E-03      317922
 -5.4312199E-03      317923
  4.0504998E-03      317924
 -2.6158593E-04      317925
  5.4787472E-03      317926
  6.9604404E-03      317927
 -1.3092275E-02      317928
  3.0488342E-03      317929
  2.8018954E-03      317930
  4.5684995E-03      317931
  9.3095256E-03      317932
  1.4129030E-03      317933
  5.9120944E-03      317934
 -6.1436305E-03      317935
  7.8020743E-03      317936
 -2.5114212E-03      317937
  6.0648313E-03      317938
 -4.7406284E-03      317939
 -9.3395365E-03      317940
 -7.3401779E-03      317941
 -8.3972272E-03      317942
 -6.2719225E-03      317943
 -5.7497169E-03      317944
 -9.2554176E-03      317945
 -4.8815389E-03      317946
 -6.7098974E-03      317947
 -1.2367349E-02      317948
 -1.0394249E-02      317949
 -5.5174469E-03      317950
 -6.8648225E-03      317951
 -8.1486404E-03      317952
 -6.7839776E-03      317953
 -7.2998139E-03      317954
 -4.3483675E-03      317955
 -1.0715871E-02      317956
 -7.7835168E-03      317957
 -1.0239216E-02      317958
 -6.7493282E-03      317959
 -1.1000853E-02      317960
 -5.0150244E-03      317961
 -2.4951198E-03      317962
  5.0623035E-16      317963
 -2.0433088E-16      317964
 -1.5189645E-18      317965
 -1.3963525E-16      317966
  1.9846001E-18      317967
  6.6936454E-17      317968
 -6.7153871E-17      317969
 -1.7958078E-17      317970
  4.8592070E-17      317971
  3.0166644E-16      317972
  1.0598331E-16      317973
 -4.3310796E-16      317974
  1.0023983E-16      317975
 -1.1825741E-16      317976
 -2.6390367E-17      317977
 -8.5844433E-17      317978
  1.2826200E-16      317979
 -4.3696198E-16      317980
  1.7466224E-16      317981
  8.7826669E-17      317982
  3.7827554E-16      317983
  3.1259473E-16      317984
 -9.5305083E-17      317985
 -1.4415576E-16      317986
 -6.6659667E-17      317987
  4.7475135E-17      317988
 -9.9491421E-16      317989
  8.4977244E-17      317990
  1.7434214E-17      317991
  1.3203323E-16      317992
 -5.8164725E-16      317993
  3.2101768E-16      317994
 -1.3469009E-17      317995
  6.7935244E-18      317996
 -1.1764554E-16      317997
 -4.1740076E-17      317998
 -1.3223808E-16      317999
  1.1838195E-16      318000
 -6.3209453E-16      318001
  1.5316708E-16      318002
  2.6739345E-16      318003
  1.1059868E-16      318004
 -8.7909387E-17      318005
 -5.4293766E-18      318006
 -6.2269872E-17      318007
  6.1385298E-16      318008
  2.7714926E-16      318009
 -2.4181310E-18      318010
 -8.1714109E-17      318011
  6.4745541E-16      318012
  7.1142901E-18      318013
  9.5125592E-17      318014
  9.3884884E-18      318015
  4.0871582E-16      318016
 -3.4029678E-16      318017
 -1.4064962E-15      318018
  3.1034556E-17      318019
 -1.7770678E-16      318020
  6.6473309E-16      318021
  8.0531201E-17      318022
 -1.1592947E-16      318023
  1.7737522E-17      318024
 -1.0128637E-16      318025
 -1.1999991E-16      318026
 -1.2125044E-16      318027
 -4.3033641E-16      318028
 -4.1075526E-17      318029
 -1.6393750E-15      318030
  6.4920756E-16      318031
  4.0183166E-16      318032
 -8.1606099E-17      318033
 -3.0523454E-16      318034
  1.1989810E-16      318035
  9.9567313E-17      318036
  8.9574507E-16      318037
  8.9693113E-20      318038
  4.9633272E-16      318039
  4.1782011E-17      318040
 -3.6052052E-17      318041
 -4.6654247E-16      318042
 -4.2820581E-16      318043
 -1.5588081E-16      318044
  8.0271507E-16      318045
 -5.1633252E-17      318046
 -1.1155277E-16      318047
 -2.4648916E-16      318048
  3.6116750E-17      318049
  1.2418905E-16      318050
  3.0450287E-16      318051
  8.7451076E-17      318052
  2.3797150E-16      318053
  3.4329027E-18      318054
  1.6585687E-16      318055
 -2.2446077E-16      318056
  1.5802700E-17      318057
 -7.0507721E-16      318058
  1.2495599E-16      318059
  9.6645678E-17      318060
  4.0469044E-17      318061
  1.7031914E-16      318062
 -7.1014283E-17      318063
  5.6026478E-17      318064
 -8.8921646E-16      318065
 -4.8416865E-15      318066
  5.0950901E-18      318067
  3.6542672E-17      318068
  1.1925878E-16      318069
 -3.2966935E-16      318070
  5.1553711E-17      318071
  7.1356136E-16      318072
  6.3169414E-17      318073
 -3.3458797E-16      318074
 -1.1220456E-16      318075
 -2.5343490E-16      318076
  1.4580249E-17      318077
 -1.5507028E-16      318078
  6.1453379E-17      318079
 -1.1313488E-16      318080
  7.4983793E-16      318081
  2.0275643E-16      318082
 -8.7647231E-17      318083
  4.2215100E-17      318084
 -1.4337707E-17      318085
 -4.3612617E-16      318086
  1.2153977E-15      318087
 -1.0420113E-16      318088
  9.9253002E-16      318089
 -1.3760479E-16      318090
  4.9636321E-16      318091
  1.6882064E-16      318092
  2.4300282E-17      318093
 -1.1299102E-16      318094
 -2.5845379E-16      318095
  4.8395730E-17      318096
 -1.5620892E-16      318097
 -4.0643084E-15      318098
  3.0151081E-17      318099
  1.0351581E-16      318100
 -1.2311226E-16      318101
  9.9707382E-16      318102
  2.0700593E-16      318103
 -2.3866233E-16      318104
 -2.7179141E-16      318105
 -3.7868741E-16      318106
 -2.4767741E-16      318107
  5.1644726E-16      318108
  1.2020821E-15      318109
  1.3690251E-16      318110
  6.7850218E-17      318111
  3.8275788E-17      318112
 -1.8435924E-16      318113
  2.3908001E-17      318114
 -2.7673951E-16      318115
 -3.0744014E-16      318116
  8.7626789E-17      318117
  5.2019787E-17      318118
  3.4689906E-16      318119
  2.7394734E-16      318120
  1.8824925E-16      318121
  2.2494095E-16      318122
  2.6462516E-16      318123
  1.7765604E-16      318124
 -3.1583744E-17      318125
 -3.6091330E-16      318126
  9.0815623E-17      318127
 -4.2147171E-16      318128
  5.1479102E-17      318129
  8.0464623E-17      318130
 -7.3249656E-17      318131
  5.5493380E-17      318132
  1.9909539E-17      318133
  7.8113074E-17      318134
  3.5819419E-17      318135
  2.5011636E-15      318136
 -1.1219857E-16      318137
 -2.7217273E-16      318138
  1.8219210E-16      318139
  2.5423996E-16      318140
  2.9387432E-14      318141
 -3.9716223E-16      318142
  1.0371851E-14      318143
 -5.5974220E-17      318144
 -3.7946480E-17      318145
 -2.0813393E-16      318146
  2.0150207E-17      318147
 -2.0592604E-16      318148
 -4.4425512E-16      318149
  6.7125312E-16      318150
  2.0570427E-17      318151
  1.9096730E-17      318152
  3.4002706E-16      318153
 -2.6458972E-16      318154
 -3.4228718E-16      318155
  3.2359441E-16      318156
  6.4203615E-16      318157
 -3.1499183E-16      318158
  1.6282340E-16      318159
  2.9206241E-16      318160
  2.4973856E-16      318161
 -1.3213031E-16      318162
 -6.1288811E-16      318163
  1.3238142E-14      318164
 -1.0500612E-14      318165
  1.1450885E-16      318166
  8.0171265E-17      318167
  8.4995129E-16      318168
  4.5715003E-17      318169
  1.0032525E-16      318170
 -3.4081633E-16      318171
  2.0259735E-16      318172
  1.0516561E-16      318173
  3.2122578E-16      318174
  6.1132792E-16      318175
  8.0660313E-15      318176
 -3.8863539E-17      318177
 -1.8693144E-16      318178
 -1.5492705E-16      318179
 -3.9797476E-17      318180
 -9.2435024E-19      318181
 -1.3098559E-16      318182
  1.0650312E-16      318183
  7.5936964E-16      318184
  3.6410865E-16      318185
  1.5224434E-15      318186
 -6.2525315E-16      318187
 -1.6380945E-16      318188
  5.1226424E-16      318189
 -2.8094346E-16      318190
 -1.5014944E-16      318191
  7.1866309E-16      318192
  4.1941165E-16      318193
 -3.9501757E-16      318194
 -5.4330163E-15      318195
  4.1139594E-15      318196
 -8.7284196E-15      318197
 -1.1525254E-14      318198
 -7.5142224E-15      318199
 -1.1631217E-16      318200
 -4.0973787E-16      318201
 -3.3489512E-16      318202
 -2.4816345E-16      318203
 -3.5485275E-16      318204
 -2.4818838E-16      318205
  1.0879224E-16      318206
 -8.7287174E-16      318207
 -6.2421527E-16      318208
  1.6012183E-15      318209
  1.2652596E-16      318210
 -1.7675063E-16      318211
 -4.5413096E-17      318212
 -6.4431831E-17      318213
 -8.9972128E-15      318214
 -1.6919416E-16      318215
 -8.7242094E-18      318216
  1.3309187E-16      318217
 -4.9513353E-16      318218
 -5.3317675E-16      318219
 -1.3821584E-17      318220
 -2.4284908E-16      318221
 -2.2811098E-16      318222
 -5.9287796E-16      318223
  5.8105203E-17      318224
 -1.2257718E-16      318225
  1.3563946E-16      318226
 -1.3296313E-16      318227
 -6.8613408E-17      318228
  2.8554127E-15      318229
 -6.2373137E-17      318230
  9.2473033E-16      318231
  4.2509679E-17      318232
  8.2551130E-17      318233
 -6.7768135E-17      318234
 -1.0541563E-16      318235
  1.7741339E-16      318236
 -1.2444944E-15      318237
 -3.0153986E-16      318238
 -1.3727903E-16      318239
  1.0834848E-17      318240
 -1.2207766E-16      318241
 -1.6359694E-16      318242
 -4.6856094E-16      318243
  9.9130741E-17      318244
  1.0217672E-15      318245
 -6.2769805E-16      318246
  5.8241621E-17      318247
 -2.8472957E-16      318248
  4.9755144E-16      318249
  1.3404705E-16      318250
 -2.1832853E-16      318251
 -1.5202731E-16      318252
 -1.9567888E-16      318253
  2.6598044E-16      318254
 -1.6257282E-16      318255
 -2.6728021E-16      318256
  1.3265956E-15      318257
  2.2121458E-16      318258
 -5.7963836E-16      318259
 -3.7700934E-16      318260
 -1.1724097E-16      318261
 -4.7963667E-17      318262
 -8.1126068E-16      318263
  3.3921658E-16      318264
 -2.4129968E-16      318265
 -5.9215915E-16      318266
 -1.7936813E-16      318267
  5.0265587E-16      318268
  5.5057205E-15      318269
 -8.7814367E-17      318270
  5.8533318E-17      318271
 -1.8132871E-15      318272
  1.8871383E-16      318273
  4.1945643E-16      318274
 -1.0246337E-16      318275
  4.7455863E-16      318276
 -1.1956933E-15      318277
  1.1336071E-16      318278
 -3.0473863E-16      318279
 -5.0830252E-17      318280
  1.5603944E-16      318281
 -1.0535752E-16      318282
 -5.6633701E-17      318283
 -6.4134423E-16      318284
 -1.6228196E-16      318285
 -1.1529990E-16      318286
  9.7875239E-16      318287
  2.9515840E-16      318288
 -1.1780189E-15      318289
  8.4687895E-16      318290
  4.7680300E-16      318291
  6.4672210E-16      318292
 -5.0901527E-18      318293
  1.2831657E-15      318294
 -2.4504235E-15      318295
  7.8782157E-17      318296
  2.1571516E-16      318297
 -8.3795666E-17      318298
  2.5162567E-16      318299
 -1.0670226E-16      318300
 -1.6247786E-15      318301
 -6.2584624E-17      318302
 -6.9607193E-16      318303
  5.7673346E-16      318304
  1.1227214E-17      318305
  4.3555556E-17      318306
  2.6475888E-17      318307
  1.8609163E-16      318308
 -2.0592178E-16      318309
  1.3472100E-16      318310
 -4.7891105E-16      318311
 -3.3175125E-16      318312
  1.3644061E-15      318313
 -1.2546241E-16      318314
 -4.7799520E-16      318315
 -1.7870574E-15      318316
 -1.9008913E-17      318317
  2.2593889E-17      318318
  6.0977012E-16      318319
  1.4602000E-15      318320
 -6.0239375E-17      318321
 -5.0898369E-16      318322
  2.1594341E-16      318323
 -1.4888070E-15      318324
 -1.4748716E-16      318325
 -7.1289655E-16      318326
 -1.3903399E-16      318327
  5.1854716E-16      318328
 -1.5272281E-16      318329
 -1.8867059E-16      318330
 -1.5594971E-16      318331
 -3.4009478E-17      318332
  4.3146074E-16      318333
 -4.6877493E-16      318334
  1.7357583E-17      318335
 -3.1658743E-16      318336
 -6.0195707E-17      318337
  1.1056632E-17      318338
  2.0842269E-16      318339
 -2.2404868E-16      318340
 -1.4269373E-15      318341
  3.0615222E-16      318342
  3.1157048E-16      318343
  3.4973390E-16      318344
 -7.3890681E-16      318345
 -1.3413651E-16      318346
 -4.3063081E-16      318347
  3.7500560E-16      318348
  6.6517281E-15      318349
  1.0950210E-15      318350
  3.3744162E-16      318351
 -1.3537758E-16      318352
  3.1320523E-16      318353
  6.1072118E-16      318354
 -5.8897637E-16      318355
  4.9004587E-18      318356
 -8.1047125E-16      318357
  4.0347577E-17      318358
  1.8397643E-16      318359
 -4.5081746E-16      318360
  2.9048905E-16      318361
 -6.4889705E-17      318362
 -3.2048868E-16      318363
 -2.0803786E-16      318364
  8.9679018E-17      318365
  3.6552394E-16      318366
  1.2228757E-17      318367
 -2.1996355E-16      318368
  7.0499510E-16      318369
 -3.5903119E-16      318370
 -4.9788436E-15      318371
  8.1010367E-15      318372
 -2.7793488E-16      318373
 -9.9238518E-16      318374
 -6.8899592E-16      318375
  5.8078779E-17      318376
  2.7459569E-16      318377
  7.8307395E-17      318378
 -9.2094377E-18      318379
 -5.1822250E-17      318380
 -6.1843108E-15      318381
  7.8989786E-17      318382
  1.8067307E-16      318383
  9.4431743E-16      318384
  6.9293261E-16      318385
  3.7468545E-16      318386
  3.8875631E-16      318387
 -1.2839626E-16      318388
  1.4947944E-15      318389
 -1.8125039E-16      318390
 -3.7812398E-16      318391
  5.5987131E-17      318392
  7.5198678E-17      318393
 -8.9902098E-17      318394
  1.3337411E-16      318395
  4.2163053E-16      318396
  9.8732873E-17      318397
  2.7301322E-16      318398
  5.2070773E-16      318399
 -1.0684688E-16      318400
  7.7601289E-16      318401
  4.3264286E-17      318402
 -2.3840444E-16      318403
 -6.6070985E-17      318404
 -4.4615841E-16      318405
  5.3220901E-16      318406
 -1.2838533E-16      318407
 -9.0832789E-17      318408
 -2.6876040E-16      318409
  4.7362903E-17      318410
 -7.2663399E-16      318411
  1.7975150E-16      318412
  1.6429455E-16      318413
  4.8859090E-17      318414
 -8.4224562E-17      318415
  5.1086938E-19      318416
  1.6602599E-16      318417
 -1.6553955E-16      318418
 -2.3441434E-15      318419
  1.1386602E-16      318420
  1.4129272E-16      318421
  1.8743133E-16      318422
 -1.6035246E-16      318423
 -1.5881050E-14      318424
 -2.5748175E-15      318425
  9.9642271E-15      318426
 -2.6147629E-16      318427
 -3.7964509E-18      318428
  5.9051198E-16      318429
  2.5265010E-16      318430
 -6.9621000E-16      318431
  3.7386864E-16      318432
  1.5231367E-15      318433
  9.3375292E-16      318434
 -4.4884292E-16      318435
  2.9265372E-16      318436
  2.4710249E-16      318437
 -5.1839142E-16      318438
 -7.3109220E-17      318439
 -6.7637152E-15      318440
  5.3009714E-17      318441
 -2.1722542E-16      318442
  8.6848284E-16      318443
  4.0726263E-15      318444
  1.4374909E-16      318445
 -8.3568106E-16      318446
 -4.2477347E-16      318447
  3.9987848E-16      318448
  1.3678053E-16      318449
  1.2255401E-16      318450
  1.0808781E-15      318451
  7.3214768E-17      318452
 -1.7372798E-16      318453
  3.3986680E-15      318454
 -1.5304944E-15      318455
  3.2496063E-15      318456
  1.2909266E-15      318457
 -1.3576322E-15      318458
  9.8120754E-15      318459
  2.1381471E-16      318460
 -1.1692757E-15      318461
  8.8188776E-17      318462
 -1.1661593E-15      318463
  1.0070034E-15      318464
 -1.5423030E-15      318465
 -2.0941636E-15      318466
  5.4820168E-16      318467
 -8.8647371E-16      318468
  2.8021345E-16      318469
  1.6597074E-15      318470
  2.0492255E-16      318471
 -9.0408305E-16      318472
 -2.1629158E-15      318473
  1.0383223E-15      318474
 -7.4855451E-16      318475
  6.9803419E-16      318476
 -4.4955665E-16      318477
  2.3018957E-15      318478
 -2.9067602E-15      318479
 -4.4052121E-15      318480
 -1.0917973E-14      318481
  9.1212082E-15      318482
  1.1104503E-16      318483
 -5.5021529E-16      318484
 -1.1827782E-15      318485
  1.6116573E-15      318486
 -1.5417634E-16      318487
 -3.0938344E-16      318488
  5.9612988E-16      318489
 -4.4735502E-17      318490
  2.8938351E-16      318491
  2.1047557E-15      318492
 -2.3254069E-16      318493
  9.0927293E-16      318494
 -6.0067590E-16      318495
 -2.4729701E-16      318496
 -1.1143838E-14      318497
 -2.3411236E-16      318498
  4.9129134E-16      318499
 -4.1397129E-16      318500
 -1.1615747E-17      318501
  1.4452437E-15      318502
  5.2281568E-16      318503
  1.0044033E-15      318504
 -4.7651093E-16      318505
  2.1734699E-16      318506
 -6.9181978E-17      318507
 -1.4174072E-17      318508
 -2.3464126E-16      318509
  6.9873013E-16      318510
 -1.8860201E-17      318511
 -1.9100411E-15      318512
 -3.2032229E-16      318513
 -3.9305094E-15      318514
 -2.5216428E-16      318515
  5.7355671E-16      318516
 -1.9478216E-16      318517
 -2.2267826E-16      318518
 -1.2641070E-15      318519
  1.0987429E-15      318520
 -4.4932996E-16      318521
 -3.0661052E-16      318522
  8.9505217E-17      318523
 -1.4254122E-15      318524
  1.8662954E-16      318525
  4.1549761E-16      318526
 -6.8541477E-16      318527
 -9.7226719E-16      318528
