====Number of materials
1
====Materialsproperty
The first anisotropic Ep
(2.0,0.0)       (0.0,0.0)       (0.0,0.0)
(0.0,0.0)       (2.0,0.0)       (0.0,0.0)
(0.0,0.0)       (0.0,0.0)       (2.0,0.0)
The first anisotropic Mu
(1.0,0.0)       (0.0,0.0)       (0.0,0.0)
(0.0,0.0)       (1.0,0.0)       (0.0,0.0)
(0.0,0.0)       (0.0,0.0)       (1.0,0.0)
The first anisotropic Ep
(1.0,1.0)       (0.0,0.0)       (0.0,0.0)
(0.0,0.0)       (1.0,1.0)       (0.0,0.0)
(0.0,0.0)       (0.0,0.0)       (1.0,1.0)
The first anisotropic Mu
(1.0,0.0)       (0.0,0.0)       (0.0,0.0)
(0.0,0.0)       (1.0,0.0)       (0.0,0.0)
(0.0,0.0)       (0.0,0.0)       (1.0,0.0)




